{
  "advancedEditorSelectedIdentifier" : "ProjectBrowser",
  "openSceneRelativePaths" : [
    "Materials\/GridMaterial.usda"
  ],
  "recentIdentifiers" : {
    "02CC089A-191E-4D30-9FB0-B06F6BCCE81F" : [

    ],
    "2DE3DFA8-85B2-4296-92AC-4982A7638394" : [

    ],
    "7CC341AC-C4C0-4942-98BD-A5635262AE88" : [

    ]
  },
  "sceneCameraHistory" : {
    "02CC089A-191E-4D30-9FB0-B06F6BCCE81F" : [
      {
        "date" : 774515352.221308,
        "title" : "Untitled",
        "transform" : [
          0.7633578,
          0,
          0.6459759,
          0,
          0.32300353,
          0.8660115,
          -0.38169733,
          0,
          -0.55942255,
          0.50002414,
          0.66107666,
          0,
          -170.06384,
          151.9971,
          200.96658,
          1
        ]
      },
      {
        "date" : 774515326.256564,
        "title" : "Untitled",
        "transform" : [
          1,
          0,
          -0,
          0,
          -0,
          0.8660115,
          -0.50002414,
          0,
          0,
          0.50002414,
          0.8660115,
          0,
          1.52422635e-05,
          446.1674,
          772.7841,
          1
        ]
      },
      {
        "date" : 774515321.013428,
        "title" : "Untitled",
        "transform" : [
          0.99999994,
          0,
          -0,
          0,
          -0,
          0.86563075,
          -0.50068283,
          0,
          0,
          0.50068283,
          0.86563075,
          0,
          1.5215164e-05,
          446.80475,
          773.3521,
          1
        ]
      },
      {
        "date" : 774515303.403767,
        "title" : "Untitled",
        "transform" : [
          1,
          0,
          0,
          0,
          0,
          0.7071069,
          -0.70710677,
          0,
          0,
          0.70710677,
          0.7071069,
          0,
          0,
          256.17703,
          256.17706,
          1
        ]
      },
      {
        "date" : 774512041.226997,
        "title" : "Untitled",
        "transform" : [
          1,
          0,
          0,
          0,
          0,
          0.7071069,
          -0.70710677,
          0,
          0,
          0.70710677,
          0.7071069,
          0,
          0,
          3.669357,
          3.6693575,
          1
        ]
      },
      {
        "date" : 774512039.426688,
        "title" : "Untitled",
        "transform" : [
          1,
          0,
          0,
          0,
          0,
          0.7071069,
          -0.70710677,
          0,
          0,
          0.70710677,
          0.7071069,
          0,
          0,
          8.352608,
          8.352609,
          1
        ]
      }
    ],
    "2DE3DFA8-85B2-4296-92AC-4982A7638394" : [
      {
        "date" : 774515702.23089,
        "title" : "Untitled",
        "transform" : [
          1,
          0,
          0,
          0,
          0,
          0.7071069,
          -0.70710677,
          0,
          0,
          0.70710677,
          0.7071069,
          0,
          0,
          359.1575,
          359.1575,
          1
        ]
      },
      {
        "date" : 774515664.448238,
        "title" : "Untitled",
        "transform" : [
          1,
          0,
          0,
          0,
          0,
          0.7071069,
          -0.70710677,
          0,
          0,
          0.70710677,
          0.7071069,
          0,
          0,
          299.1157,
          299.1157,
          1
        ]
      }
    ],
    "7CC341AC-C4C0-4942-98BD-A5635262AE88" : [
      {
        "date" : 774515477.702248,
        "title" : "Untitled",
        "transform" : [
          0.12091481,
          8.04718e-11,
          0.9926629,
          0,
          0.49633098,
          0.8660257,
          -0.060457308,
          0,
          -0.85967153,
          0.49999952,
          0.10471534,
          0,
          -224.76886,
          130.69629,
          27.357098,
          1
        ]
      },
      {
        "date" : 774515429.502276,
        "title" : "Untitled",
        "transform" : [
          0.12091481,
          8.04718e-11,
          0.9926629,
          0,
          0.49633098,
          0.8660257,
          -0.060457308,
          0,
          -0.85967153,
          0.49999952,
          0.10471534,
          0,
          -182.70218,
          106.16855,
          22.244593,
          1
        ]
      },
      {
        "date" : 774515422.453112,
        "title" : "Untitled",
        "transform" : [
          0.12091481,
          8.04718e-11,
          0.9926629,
          0,
          0.49633098,
          0.8660257,
          -0.060457308,
          0,
          -0.85967153,
          0.49999952,
          0.10471534,
          0,
          -744.6135,
          432.92673,
          90.69707,
          1
        ]
      },
      {
        "date" : 774515381.203466,
        "title" : "Untitled",
        "transform" : [
          0.12091481,
          8.04718e-11,
          0.9926629,
          0,
          0.49633098,
          0.8660257,
          -0.060457308,
          0,
          -0.85967153,
          0.49999952,
          0.10471534,
          0,
          -122.80955,
          71.313866,
          14.956355,
          1
        ]
      },
      {
        "date" : 774512017.45911,
        "title" : "Untitled",
        "transform" : [
          0.9999234,
          8.0471796e-11,
          0.012374563,
          0,
          0.0061872755,
          0.8660257,
          -0.49996126,
          0,
          -0.01071669,
          0.49999952,
          0.86595935,
          0,
          -6.4397483,
          300.37393,
          520.4398,
          1
        ]
      },
      {
        "date" : 774511949.733769,
        "title" : "Untitled",
        "transform" : [
          0.9999234,
          -2.757595e-10,
          0.012374561,
          0,
          0.006187275,
          0.86602575,
          -0.49996123,
          0,
          -0.01071669,
          0.4999995,
          0.86595947,
          0,
          -9.580431,
          446.85147,
          773.8972,
          1
        ]
      },
      {
        "date" : 774511947.74622,
        "title" : "Untitled",
        "transform" : [
          0.9999234,
          8.063883e-11,
          0.012374562,
          0,
          0.006222511,
          0.8643754,
          -0.50280845,
          0,
          -0.010696269,
          0.50284696,
          0.86430925,
          0,
          -6.429754,
          302.39963,
          519.44977,
          1
        ]
      },
      {
        "date" : 774511916.194341,
        "title" : "Untitled",
        "transform" : [
          0.99992347,
          2.2325891e-10,
          0.012374563,
          0,
          0.0062225116,
          0.8643754,
          -0.5028085,
          0,
          -0.010696269,
          0.502847,
          0.86430925,
          0,
          -7.381029,
          346.7058,
          596.2379,
          1
        ]
      },
      {
        "date" : 774511888.859216,
        "title" : "Untitled",
        "transform" : [
          0.99992347,
          2.2325891e-10,
          0.012374563,
          0,
          0.0062225116,
          0.8643754,
          -0.5028085,
          0,
          -0.010696269,
          0.502847,
          0.86430925,
          0,
          -9.657894,
          453.65598,
          780.16254,
          1
        ]
      },
      {
        "date" : 774511882.011711,
        "title" : "Untitled",
        "transform" : [
          0.99992347,
          -2.4480323e-10,
          0.012374564,
          0,
          0.008750138,
          0.7071068,
          -0.70705265,
          0,
          -0.008750138,
          0.70710677,
          0.7070527,
          0,
          -7.576985,
          612.3489,
          612.3501,
          1
        ]
      }
    ]
  },
  "sceneViewportBackgroundColors" : {

  }
}